115200
120012
115200
115200
115200
120012
115200
115200
115200
115200
115200
115200
120012
115200
120012
115200
115200
115200
120012
115200
115200
32000
115200
115200
115200
115200
120012
120012
115200
115200
115200
115200
115200
120012
115200
115200
115200
115200
120012
115200
115200
115200
120012
120012
115200
115200
120012
115200
115200
38400
115200
38400
115200
115200
115200
115200
115200
120012
120012
115200
115200
115200
115200
115200
120012
76800
120012
115200
115200
115200
115200
120012
115200
115200
38400
115200
115200
115200
115200
115200
115200
115200
38400
115200
115200
120012
91987
115200
115200
115200
115200
115200
115200
115200
120012
115200
120012
115200
115200
115200
38400
115200
120012
38400
115200
115200
115200
115200
115200
120012
115200
115200
115200
120012
120012
115200
115200
115200
115200
115200
120012
115200
115200
120012
120012
115200
115200
115200
120012
120012
38400
115200
120012
115200
115200
115200
115200
120012
115200
120012
115200
115200
115200
120012
115200
115174
115200
120012
115200
115200
115200
120012
38400
115200
120012
115200
115200
115200
115200
115200
115200
115200
38400
115200
115200
115200
120012
115200
120012
115200
115200
115200
115200
38400
115200
38400
115200
115200
115200
115200
115200
120012
120012
115200
115200
115200
115200
115200
120012
115200
115200
120012
120012
115200
115200
115200
115200
120012
115200
38400
115200
115200
120012
120012
115200
115200
115200
115200
115200
120012
115200
115200
120012
115200
115200
115200
115200
38400
115200
115200
115200
120012
115200
115200
115200
115200
115200
115200
120012
120012
115200
115200
115200
115200
115200
115200
115200
120012
115200
120012
120012
115200
115200
115200
120012
38400
115200
38400
115200
115200
120012
120012
115200
115200
115200
115200
115200
115200
38400
120012
115200
115174
115200
32000
115200
120012
115200
38400
115200
120012
115200
97000
120012
115200
115200
38400
115200
115200
115200
120012
115200
120012
115200
115200
120012
115200
115200
120012
115200
115200
115200
115200
115200
115200
115200
120012
115200
115200
115200
120012
38400
120012
115200
120012
115200
115200
115200
120012
115200
120012
115200
115200
120012
115200
115200
115200
120012
115200
115200
38400
115200
115200
120012
115200
32000
115200
115200
115200
115200
38400
115200
115200
115200
115200
115200
115200
115200
120012
38400
120012
120012
120012
115200
115200
120012
115200
120012
120012
115200
115200
115200
115200
115200
115200
115200
115200
120012
115200
38400
115200
115200
115200
96588
115200
115200
115200
115200
115200
120012
38400
120012
115200
115200
120012
115200
115200
115200
115200
115200
115200
38400
115200
115200
120012
115200
115200
120012
115200
120012
120012
115200
115200
120012
115200
115200
115200
115200
115200
120012
115200
118184
120012
115200
38400
115200
115200
115200
115200
115200
120012
115200
115200
120012
115200
38400
115200
115200
115200
115200
115200
115200
115200
120012
115200
115200
115200
115200
115200
115200
115200
115200
115200
38400
120012
115200
115200
120012
115200
120012
115200
120012
120012
115200
115200
115200
115200
115200
120012
120012
120012
115200
115200
115200
115200
115200
120012
115200
115200
115200
115200
120012
87910
115200
115200
115200
115200
120012
38400
115200
115200
115200
120012
115200
115200
38400
115200
115200
120012
115200
115200
115200
115200
115200
115200
115200
115200
115200
38400
120012
120012
38400
115200
115200
115200
115200
120012
115200
115200
115200
120012
115200
115200
115200
115200
115200
115200
115200
115200
115200
115200
38400
120012
115200
115200
120012
115200
120012
120012
115200
115200
38400
115174
